239

0 0 0
0 6 0
0 6 4
0 6 8
4 6 0
4 6 3
4 6 8
8 6 0
5 6 6
5 6 11
1 7 6
7 6 3
0 9 0
7 6 8
10 5 4
9 6 4
0 9 1
7 7 2
0 9 4
3 8 4
0 9 6
5 7 2
5 7 5
1 9 3
3 9 0
1 9 5
2 9 2
4 9 3
5 9 2
1 10 8
4 9 7
1 10 3
1 10 1
5 9 1
2 9 9
12 7 2
7 9 2
6 9 7
8 9 0
5 9 9
8 9 3
5 10 5
0 12 0
8 9 8
5 10 7
9 9 5
8 9 7
1 12 3
8 9 10
5 10 6
10 8 10
7 10 7
5 10 13
0 12 8
8 10 5
1 12 2
12 9 4
11 9 8
12 9 0
2 12 6
4 12 0
3 11 8
4 12 3
13 8 7
5 12 1
3 12 5
4 12 7
4 12 6
5 12 4
9 9 16
9 11 4
2 12 10
1 14 0
7 11 5
5 12 0
8 12 0
7 12 4
2 12 14
8 12 8
7 11 12
6 12 8
9 11 10
9 12 8
6 12 12
0 16 0
11 13 4
12 13 1
12 12 8
2 16 8
4 16 3
4 16 2
12 13 12
4 16 7
7 16 2
6 16 5
4 16 10
8 15 8
16 13 9
9 15 14
8 16 7
8 16 4
12 15 1
17 14 5
7 16 13
15 14 10
13 14 16
11 15 13
5 17 15
7 17 11
12 16 3
7 16 20
11 15 20
11 16 8
10 16 11
13 16 8
13 16 9
4 20 3
12 17 7
12 16 12
3 20 7
19 14 17
15 17 8
12 17 17
7 20 3
10 19 7
16 17 12
6 20 11
8 20 7
16 17 16
12 19 11
11 20 2
15 19 2
20 16 12
12 19 8
12 21 11
9 21 17
13 21 16
15 21 8
16 21 12
7 24 7
10 22 25
16 21 16
7 24 12
10 24 4
15 21 20
20 21 7
5 26 5
20 21 12
24 20 12
12 24 8
6 25 16
9 25 2
19 21 23
12 24 11
20 21 16
20 21 20
24 20 18
11 24 15
22 21 15
7 26 11
16 24 7
17 22 19
17 24 8
16 24 12
18 21 33
25 20 24
13 24 24
15 24 16
12 25 21
16 26 4
20 24 7
16 25 15
15 26 13
16 25 19
20 25 12
20 24 20
20 25 16
12 28 8
11 28 11
11 28 16
16 28 8
16 28 12
22 27 4
12 29 21
16 28 16
18 27 24
20 28 7
19 28 12
24 27 9
17 28 28
20 28 16
22 27 18
23 27 21
24 27 18
18 28 21
16 30 17
22 28 11
21 28 22
12 32 9
30 26 11
12 32 18
21 28 33
21 29 25
24 28 26
35 25 16
18 33 11
17 31 35
18 33 18
17 33 24
23 33 12
24 33 18
19 36 7
25 34 24
17 36 30
19 37 16
27 33 33
21 35 39
29 33 43
32 35 18
32 35 26
21 38 45
35 37 12
26 39 31
23 41 19
26 40 26
37 36 33
20 43 25
25 40 49
33 41 15
32 39 43
27 44 13
34 41 25
42 40 23
26 43 55
28 44 40
34 44 24
37 43 35
33 49 29
44 49 23
