239

0 0 0
5 5 5
8 8 8
11 11 11
14 14 14
17 17 17
20 20 20
24 24 24
28 28 28
32 32 32
36 36 36
40 40 40
45 45 45
50 50 50
56 56 56
63 63 63
0 0 63
16 0 63
31 0 63
47 0 63
63 0 63
63 0 47
63 0 31
63 0 16
63 0 0
63 16 0
63 31 0
63 47 0
63 63 0
47 63 0
31 63 0
16 63 0
0 63 0
0 63 16
0 63 31
0 63 47
0 63 63
0 47 63
0 31 63
0 16 63
31 31 63
39 31 63
47 31 63
55 31 63
63 31 63
63 31 55
63 31 47
63 31 39
63 31 31
63 39 31
63 47 31
63 55 31
63 63 31
55 63 31
47 63 31
39 63 31
31 63 31
31 63 39
31 63 47
31 63 55
31 63 63
31 55 63
31 47 63
31 39 63
45 45 63
49 45 63
54 45 63
58 45 63
63 45 63
63 45 58
63 45 54
63 45 49
63 45 45
63 49 45
63 54 45
63 58 45
63 63 45
58 63 45
54 63 45
49 63 45
45 63 45
45 63 49
45 63 54
45 63 58
45 63 63
45 58 63
45 54 63
45 49 63
0 0 28
7 0 28
14 0 28
21 0 28
28 0 28
28 0 21
28 0 14
28 0 7
28 0 0
28 7 0
28 14 0
28 21 0
28 28 0
21 28 0
14 28 0
7 28 0
0 28 0
0 28 7
0 28 14
0 28 21
0 28 28
0 21 28
0 14 28
0 7 28
14 14 28
17 14 28
21 14 28
24 14 28
28 14 28
28 14 24
28 14 21
28 14 17
28 14 14
28 17 14
28 21 14
28 24 14
28 28 14
24 28 14
21 28 14
17 28 14
14 28 14
14 28 17
14 28 21
14 28 24
14 28 28
14 24 28
14 21 28
14 17 28
20 20 28
22 20 28
24 20 28
26 20 28
28 20 28
28 20 26
28 20 24
28 20 22
28 20 20
28 22 20
28 24 20
28 26 20
28 28 20
26 28 20
24 28 20
22 28 20
20 28 20
20 28 22
20 28 24
20 28 26
20 28 28
20 26 28
20 24 28
20 22 28
0 0 16
4 0 16
8 0 16
50 50 50
0 0 0
28 25 20
15 13 11
55 34 21
57 38 20
58 38 21
24 21 17
49 10 10
26 23 19
53 38 17
22 19 16
20 18 14
20 20 20
56 38 19
34 29 9
36 36 36
40 40 40
63 39 24
51 38 16
50 37 15
54 38 18
34 31 25
47 37 14
43 36 11
46 37 13
44 36 12
49 37 14
49 10 10
30 27 22
19 7 3
34 29 9
40 10 8
27 9 5
42 36 11
34 34 34
40 37 30
44 10 9
23 8 4
23 21 17
30 27 24
31 9 6
36 10 7
35 31 28
45 43 39
38 35 28
31 28 23
43 43 43
32 28 26
37 34 27
32 29 24
34 31 25
35 32 26
18 16 13
43 41 37
40 36 30
44 40 33
42 38 32
19 17 14
38 35 29
36 33 27
36 32 29
21 19 16
34 31 26
46 42 35
29 26 21
42 39 35
23 21 17
29 26 21
31 28 23
33 29 24
27 24 20
25 22 18
40 38 34
37 34 31
39 36 32
