76
50 50 50
0 0 0
28 25 20
15 13 11
55 34 21
57 38 20
58 38 21
24 21 17
49 10 10
26 23 19
53 38 17
22 19 16
20 18 14
20 20 20
56 38 19
34 29 9
36 36 36
40 40 40
63 39 24
51 38 16
50 37 15
54 38 18
34 31 25
47 37 14
43 36 11
46 37 13
44 36 12
49 37 14
49 10 10
30 27 22
19 7 3
34 29 9
40 10 8
27 9 5
42 36 11
34 34 34
40 37 30
44 10 9
23 8 4
23 21 17
30 27 24
31 9 6
36 10 7
35 31 28
45 43 39
38 35 28
31 28 23
43 43 43
32 28 26
37 34 27
32 29 24
34 31 25
35 32 26
18 16 13
43 41 37
40 36 30
44 40 33
42 38 32
19 17 14
38 35 29
36 33 27
36 32 29
21 19 16
34 31 26
46 42 35
29 26 21
42 39 35
23 21 17
29 26 21
31 28 23
33 29 24
27 24 20
25 22 18
40 38 34
37 34 31
39 36 32
