"CLUB          ", 0, 0, 0, 0, 0, 0, 1, 3, 0
"DAGGER        ", 4, 0, 0, 0, 0, 0, 5, 4, 0
"HAND AXE      ", 6, 0, 0, 0, 0, 0, 10, 5, 0
"SPEAR         ", 7, 0, 0, 0, 0, 0, 15, 6, 0
"SHORT SWORD   ", 6, 0, 0, 0, 0, 0, 20, 6, 0
"MACE          ", 2, 0, 0, 0, 0, 0, 40, 6, 0
"FLAIL         ", 2, 0, 0, 0, 0, 0, 40, 7, 0
"SCIMITAR      ", 6, 0, 0, 0, 0, 0, 40, 7, 0
"BROAD SWORD   ", 6, 0, 0, 0, 0, 0, 50, 7, 0
"BATTLE AXE    ", 6, 0, 0, 0, 0, 0, 60, 0, 0
"LONG SWORD    ", 6, 0, 0, 0, 0, 0, 60, 8, 0
"CLUB +1       ", 0, 0, 0, 0, 0, 0, 30, 3, 1
"CLUB +2       ", 0, 0, 0, 0, 0, 0, 100, 3, 2
"DAGGER +1     ", 4, 0, 0, 0, 0, 0, 50, 4, 1
"HAND AXE +1   ", 134, 33, 1, 0, 0, 0, 75, 5, 1
"SPEAR +1      ", 71, 33, 1, 0, 0, 0, 100, 6, 1
"SHORT SWORD +1", 6, 0, 0, 0, 0, 0, 100, 6, 1
"MACE +1       ", 2, 0, 0, 0, 0, 0, 125, 6, 1
"FLAIL +1      ", 2, 0, 0, 0, 0, 0, 200, 7, 1
"SCIMITAR +1   ", 70, 33, 2, 0, 0, 0, 250, 7, 1
"BROAD SWORD +1", 134, 33, 2, 0, 0, 0, 300, 7, 1
"BATTLE AXE +1 ", 6, 0, 0, 0, 0, 0, 300, 8, 1
"LONG SWORD +1 ", 6, 0, 0, 0, 0, 0, 300, 8, 1
"FLAMING CLUB  ", 0, 90, 20, 255, 50, 30, 500, 3, 3
"CLUB OF NOISE ", 0, 255, 0, 0, 0, 0, 100, 3, 0
"DAGGER +2     ", 4, 0, 0, 255, 52, 25, 200, 4, 2
"HAND AXE +2   ", 70, 33, 2, 0, 0, 0, 225, 5, 2
"SPEAR +2      ", 135, 33, 2, 0, 0, 0, 250, 6, 2
"SHORT SWORD +2", 6, 0, 0, 255, 48, 15, 300, 6, 2
"MACE +2       ", 2, 25, 1, 255, 7, 10, 325, 6, 2
"FLAIL +2      ", 2, 25, 1, 255, 3, 15, 350, 7, 2
"SCIMITAR +2   ", 134, 23, 1, 0, 0, 0, 400, 7, 2
"BROAD SWORD +2", 70, 23, 1, 0, 0, 0, 400, 7, 2
"BATTLE AXE +2 ", 6, 90, 20, 24, 2, 10, 500, 8, 2
"LONG SWORD +2 ", 6, 96, 20, 24, 2, 10, 550, 8, 2
"ROYAL DAGGER  ", 196, 0, 0, 0, 0, 0, 2500, 4, 0
"DAGGER OF MIND", 61, 21, 3, 255, 77, 20, 750, 4, 3
"DIAMOND DAGGER", 61, 23, 4, 0, 0, 0, 800, 10, 4
"ELECTRIC SPEAR", 7, 94, 40, 255, 55, 16, 1200, 6, 3
"HOLY MACE     ", 123, 25, 3, 255, 38, 5, 2000, 6, 4
"UN-HOLY MACE  ", 187, 25, 3, 255, 37, 5, 2000, 6, 4
"DARK FLAIL    ", 131, 255, 0, 255, 33, 10, 600, 3, 0
"FLAIL OF FEAR ", 59, 98, 40, 255, 62, 8, 1600, 7, 3
"LUCKY SCIMITAR", 6, 33, 5, 0, 0, 0, 2200, 7, 4
"MACE OF UNDEAD", 67, 255, 0, 37, 10, 5, 500, 6, 0
"COLD AXE      ", 15, 92, 40, 255, 72, 10, 2500, 8, 3
"ELECTRIC SWORD", 7, 94, 40, 255, 66, 10, 2200, 8, 3
"FLAMING SWORD ", 7, 90, 50, 255, 63, 10, 2200, 8, 3
"SWORD OF MIGHT", 31, 23, 6, 24, 5, 30, 8000, 8, 5
"SWORD OF SPEED", 7, 29, 6, 30, 5, 20, 7000, 8, 5
"SHARP SWORD   ", 143, 88, 21, 255, 81, 5, 6500, 10, 4
"ACCURATE SWORD", 71, 31, 6, 32, 5, 10, 6500, 8, 6
"SWORD OF MAGIC", 6, 88, 30, 255, 87, 15, 10000, 8, 5
"IMMORTAL SWORD", 70, 33, 5, 255, 39, 25, 7000, 8, 4
"AXE PROTECTOR ", 7, 88, 25, 255, 92, 15, 8000, 8, 5
"AXE DESTROYER ", 143, 23, 4, 255, 85, 6, 8000, 8, 5
"X!XX!X'S SWORD", 198, 33, 15, 34, 5, 10, 6000, 8, 4
"ADAMANTINE AXE", 7, 33, 8, 255, 36, 5, 12000, 8, 5
"ULTIMATE SWORD", 6, 23, 10, 30, 5, 20, 15000, 20, 6
"ELEMENT SWORD ", 6, 88, 25, 255, 44, 10, 12000, 8, 5
"SLING         ", 6, 0, 0, 0, 0, 0, 10, 4, 0
"CROSSBOW      ", 6, 0, 0, 0, 0, 0, 50, 6, 0
"SHORT BOW     ", 7, 0, 0, 0, 0, 0, 75, 8, 0
"LONG BOW      ", 7, 0, 0, 0, 0, 0, 100, 10, 0
"GREAT BOW     ", 7, 0, 0, 0, 0, 0, 250, 12, 0
"SLING +1      ", 6, 0, 0, 0, 0, 0, 50, 4, 1
"CROSSBOW +1   ", 6, 0, 0, 0, 0, 0, 250, 6, 1
"SHORT BOW +1  ", 7, 0, 0, 0, 0, 0, 375, 8, 1
"LONG BOW +1   ", 7, 0, 0, 0, 0, 0, 500, 10, 1
"GREAT BOW +1  ", 7, 0, 0, 0, 0, 0, 1250, 12, 1
"MAGIC SLING   ", 6, 88, 10, 89, 20, 10, 800, 4, 3
"CROSSBOW +2   ", 54, 31, 2, 0, 0, 0, 1000, 6, 2
"SHORT BOW +2  ", 135, 102, 10, 0, 0, 0, 1000, 8, 2
"LONG BOW +2   ", 71, 102, 10, 0, 0, 0, 1200, 10, 2
"GREAT BOW +2  ", 7, 98, 30, 0, 0, 0, 2000, 12, 2
"CROSSBOW LUCK ", 54, 33, 3, 255, 1, 20, 2000, 6, 3
"CROSSBOW SPEED", 6, 29, 4, 255, 2, 10, 2000, 6, 3
"LIGHTNING BOW ", 71, 94, 20, 255, 63, 10, 3000, 10, 3
"FLAMING BOW   ", 135, 90, 20, 255, 66, 10, 3000, 10, 3
"GIANT'S BOW   ", 7, 0, 0, 0, 0, 0, 2000, 20, 3
"THE MAGIC BOW ", 71, 88, 20, 255, 83, 5, 6000, 16, 4
"BOW OF POWER  ", 135, 98, 40, 36, 4, 15, 6000, 16, 4
"ROBBER'S X-BOW", 62, 29, 4, 255, 61, 10, 8000, 10, 5
"ARCHER'S BOW  ", 55, 31, 5, 255, 85, 10, 12000, 20, 5
"OBSIDIAN BOW  ", 0, 255, 0, 255, 80, 3, 2000, 3, 0
"STAFF         ", 1, 0, 0, 0, 0, 0, 30, 8, 0
"GLAIVE        ", 7, 0, 0, 0, 0, 0, 80, 10, 0
"BARDICHE      ", 7, 0, 0, 0, 0, 0, 80, 10, 0
"HALBERD       ", 7, 0, 0, 0, 0, 0, 100, 12, 0
"GREAT HAMMER  ", 3, 0, 0, 0, 0, 0, 150, 12, 0
"GREAT AXE     ", 7, 0, 0, 0, 0, 0, 150, 12, 0
"FLAMBERGE     ", 7, 0, 0, 0, 0, 0, 250, 14, 0
"STAFF +1      ", 1, 21, 1, 0, 0, 0, 200, 8, 1
"GLAIVE +1     ", 135, 29, 1, 0, 0, 0, 350, 10, 1
"BARDICHE +1   ", 71, 29, 1, 0, 0, 0, 350, 10, 1
"HALBERD +1    ", 7, 0, 0, 0, 0, 0, 500, 12, 1
"GREAT HAMMER+1", 3, 25, 1, 0, 0, 0, 550, 12, 1
"GREAT AXE +1  ", 7, 0, 0, 0, 0, 0, 500, 12, 1
"FLAMBERGE +1  ", 7, 0, 0, 0, 0, 0, 600, 14, 1
"STAFF +2      ", 1, 33, 2, 255, 54, 10, 600, 8, 2
"GLAIVE +2     ", 135, 29, 2, 0, 0, 0, 900, 10, 2
"BARDICHE +2   ", 71, 29, 2, 0, 0, 0, 900, 10, 2
"HALBERD +2    ", 7, 29, 3, 255, 3, 20, 1200, 12, 2
"GREAT HAMMER+2", 3, 25, 2, 255, 1, 20, 1200, 12, 2
"GREAT AXE +2  ", 7, 23, 2, 24, 2, 10, 1200, 12, 2
"FLAMBERGE +2  ", 7, 23, 2, 24, 2, 10, 2000, 14, 2
"STAFF OF LIGHT", 1, 102, 40, 255, 19, 20, 1500, 8, 3
"COLD GLAIVE   ", 135, 92, 40, 255, 21, 20, 2500, 10, 3
"CURING STAFF  ", 121, 100, 30, 255, 5, 12, 2500, 8, 3
"MINOTAUR'S AXE", 7, 255, 0, 0, 0, 0, 2000, 3, 0
"THUNDER HAMMER", 59, 94, 40, 255, 29, 15, 3500, 12, 4
"GREAT AXE +3  ", 7, 23, 4, 30, 3, 10, 3500, 12, 3
"FLAMBERGE +3  ", 7, 23, 4, 30, 3, 10, 5000, 14, 3
"SORCERER STAFF", 61, 21, 4, 255, 91, 10, 8000, 8, 5
"STAFF OF MAGIC", 1, 88, 25, 255, 87, 10, 5000, 8, 4
"DEMON'S GLAIVE", 215, 96, 50, 255, 71, 40, 10000, 10, 5
"DEVIL'S GLAIVE", 215, 92, 50, 255, 72, 40, 10000, 10, 5
"THE FLAMBERGE ", 7, 23, 10, 255, 73, 10, 15000, 30, 6
"HOLY FLAMBERGE", 111, 88, 50, 255, 43, 15, 20000, 20, 6
"EVIL FLAMBERGE", 175, 88, 50, 255, 46, 15, 20000, 20, 6
"PADDED ARMOR  ", 0, 0, 0, 0, 0, 0, 10, 0, 1
"LEATHER ARMOR ", 2, 0, 0, 0, 0, 0, 20, 0, 2
"SCALE ARMOR   ", 2, 0, 0, 0, 0, 0, 50, 0, 3
"RING MAIL     ", 2, 0, 0, 0, 0, 0, 100, 0, 4
"CHAIN MAIL    ", 3, 0, 0, 0, 0, 0, 200, 0, 5
"SPLINT MAIL   ", 15, 0, 0, 0, 0, 0, 400, 0, 6
"PLATE MAIL    ", 15, 0, 0, 0, 0, 0, 1000, 0, 7
"PADDED +1     ", 0, 0, 0, 0, 0, 0, 25, 0, 2
"LEATHER +1    ", 2, 0, 0, 0, 0, 0, 60, 0, 3
"SCALE +1      ", 2, 0, 0, 0, 0, 0, 120, 0, 4
"RING MAIL +1  ", 2, 90, 5, 0, 0, 0, 250, 0, 5
"CHAIN MAIL +1 ", 3, 90, 5, 0, 0, 0, 500, 0, 6
"SPLINT MAIL +1", 15, 90, 10, 0, 0, 0, 1000, 0, 7
"PLATE MAIL +1 ", 15, 90, 10, 0, 0, 0, 2500, 0, 8
"LEATHER +2    ", 2, 94, 10, 0, 0, 0, 150, 0, 4
"SCALE +2      ", 2, 92, 10, 0, 0, 0, 300, 0, 5
"RING MAIL +2  ", 2, 90, 15, 0, 0, 0, 750, 0, 6
"CHAIN MAIL +2 ", 3, 90, 15, 0, 0, 0, 1500, 0, 7
"SPLINT MAIL +2", 15, 90, 20, 0, 0, 0, 2500, 0, 8
"PLATE MAIL +2 ", 15, 90, 20, 0, 0, 0, 7500, 0, 9
"BRACERS AC 4  ", 52, 0, 0, 0, 0, 0, 1000, 0, 4
"RING MAIL +3  ", 2, 29, 2, 0, 0, 0, 2000, 0, 7
"CHAIN MAIL +3 ", 3, 33, 4, 0, 0, 0, 4500, 0, 8
"SPLINT MAIL +3", 15, 23, 2, 0, 0, 0, 7500, 0, 9
"PLATE MAIL +3 ", 15, 90, 50, 0, 0, 0, 15000, 0, 10
"BRACERS AC 6  ", 52, 98, 20, 255, 77, 20, 2500, 0, 6
"CHAIN MAIL +3 ", 3, 255, 0, 0, 0, 0, 4500, 0, 0
"BRACERS AC 8  ", 0, 255, 0, 0, 0, 0, 7500, 0, 0
"BLUE RING MAIL", 2, 94, 60, 255, 66, 30, 10000, 0, 9
"RED CHAIN MAIL", 3, 90, 60, 255, 63, 30, 15000, 0, 10
"X!XX!X'S PLATE", 207, 33, 10, 34, 5, 10, 18000, 0, 11
"HOLY PLATE    ", 111, 88, 40, 99, 50, 30, 25000, 0, 12
"UN-HOLY PLATE ", 175, 88, 40, 99, 50, 30, 25000, 0, 12
"ULTIMATE PLATE", 21, 88, 40, 255, 49, 30, 30000, 0, 13
"BRACERS AC 8  ", 52, 98, 60, 255, 77, 40, 7500, 0, 8
"SMALL SHIELD  ", 10, 0, 0, 0, 0, 0, 10, 0, 1
"LARGE SHIELD  ", 10, 0, 0, 0, 0, 0, 50, 0, 2
"SILVER SHIELD ", 10, 102, 20, 0, 0, 0, 100, 0, 2
"SMALL SHIELD+1", 10, 0, 0, 0, 0, 0, 100, 0, 2
"LARGE SHIELD+1", 10, 0, 0, 0, 0, 0, 200, 0, 3
"LARGE SHIELD+1", 10, 255, 0, 0, 0, 0, 200, 0, 0
"SMALL SHIELD+2", 10, 0, 0, 0, 0, 0, 400, 0, 3
"LARGE SHIELD+2", 10, 0, 0, 0, 0, 0, 800, 0, 4
"LARGE SHIELD+2", 10, 255, 0, 0, 0, 0, 800, 0, 0
"FIRE SHIELD   ", 10, 90, 20, 0, 0, 0, 2500, 0, 5
"COLD SHIELD   ", 10, 92, 20, 0, 0, 0, 2500, 0, 5
"ELEC SHIELD   ", 10, 94, 20, 0, 0, 0, 2500, 0, 5
"ACID SHIELD   ", 10, 96, 20, 0, 0, 0, 2500, 0, 5
"MAGIC SHIELD  ", 10, 88, 20, 255, 77, 20, 5000, 0, 6
"DRAGON SHIELD ", 10, 88, 10, 255, 92, 20, 8000, 0, 7
"ROPE & HOOKS  ", 0, 1, 0, 255, 58, 30, 10, 0, 0
"TORCH         ", 0, 1, 0, 255, 4, 1, 2, 0, 0
"LANTERN       ", 0, 1, 0, 255, 4, 10, 20, 0, 0
"10 FOOT POLE  ", 0, 1, 0, 0, 0, 0, 10, 0, 0
"GARLIC        ", 0, 1, 0, 0, 0, 0, 5, 0, 0
"WOLFSBANE     ", 0, 1, 0, 0, 0, 0, 10, 0, 0
"BELLADONNA    ", 0, 1, 0, 0, 0, 0, 25, 0, 0
"MAGIC HERBS   ", 0, 1, 0, 255, 3, 3, 50, 0, 0
"DRIED BEEF    ", 0, 1, 0, 62, 6, 3, 40, 0, 0
"ROBBER'S TOOLS", 62, 108, 20, 0, 0, 0, 150, 0, 0
"BAG OF SILVER ", 0, 1, 0, 0, 0, 0, 300, 0, 0
"AMBER GEM     ", 0, 1, 0, 0, 0, 0, 500, 0, 0
"SMELLING SALT ", 0, 1, 0, 255, 0, 3, 50, 0, 0
"BAG OF SAND   ", 0, 1, 0, 255, 54, 5, 100, 0, 0
"MIGHT POTION  ", 0, 1, 0, 24, 5, 3, 200, 0, 0
"SPEED POTION  ", 0, 1, 0, 30, 5, 3, 200, 0, 0
"SUNDIAL       ", 0, 1, 0, 255, 53, 50, 500, 0, 0
"CURING POTION ", 0, 1, 0, 255, 8, 4, 350, 0, 0
"MAGIC POTION  ", 0, 1, 0, 43, 10, 2, 500, 0, 0
"DEFENSE RING  ", 0, 60, 1, 255, 57, 30, 500, 0, 0
"BAG OF GARBAGE", 0, 255, 0, 0, 0, 0, 100, 0, 0
"SCROLL OF FIRE", 0, 1, 0, 255, 63, 1, 300, 0, 0
"FLYING CARPET ", 61, 60, 2, 255, 64, 10, 500, 0, 0
"JADE AMULET   ", 255, 19, 5, 0, 0, 0, 600, 0, 0
"ANTIDOTE BREW ", 0, 1, 0, 255, 25, 2, 500, 0, 0
"SKILL POTION  ", 0, 1, 0, 36, 5, 5, 600, 0, 0
"BOOTS OF SPEED", 0, 29, 5, 30, 10, 10, 800, 0, 0
"LUCKY CHARM   ", 0, 33, 5, 34, 10, 20, 800, 0, 0
"WAND OF FIRE  ", 53, 90, 15, 255, 63, 10, 1000, 0, 0
"UNDEAD AMULET ", 0, 98, 50, 255, 7, 20, 800, 0, 0
"SILENT CHIME  ", 0, 1, 0, 255, 14, 20, 400, 0, 0
"BELT OF POWER ", 14, 23, 5, 0, 0, 0, 600, 0, 0
"MODEL BOAT    ", 0, 1, 0, 255, 23, 15, 400, 0, 0
"DEFENSE CLOAK ", 0, 60, 2, 0, 0, 0, 700, 0, 0
"KNOWLEDGE BOOK", 33, 21, 2, 48, 1, 4, 1000, 0, 0
"RUBY IDOL     ", 0, 1, 0, 0, 0, 0, 3000, 0, 0
"SORCERER ROBE ", 61, 21, 5, 255, 65, 20, 2500, 0, 0
"POWER GAUNTLET", 2, 23, 5, 0, 0, 0, 3000, 0, 0
"CLERIC'S BEADS", 59, 25, 5, 255, 8, 50, 3000, 0, 0
"HORN OF DEATH ", 0, 1, 0, 255, 81, 10, 2500, 0, 0
"POTION OF LIFE", 0, 1, 0, 255, 38, 2, 1500, 0, 0
"SHINY PENDANT ", 0, 102, 30, 255, 56, 10, 2000, 0, 0
"LIGHTNING WAND", 50, 94, 20, 255, 66, 10, 1500, 0, 0
"PRECISION RING", 0, 31, 5, 0, 0, 0, 3000, 0, 0
"RETURN SCROLL ", 0, 1, 0, 255, 41, 1, 2000, 0, 0
"TELEPORT HELM ", 0, 88, 10, 255, 83, 20, 5000, 0, 0
"YOUTH POTION  ", 0, 1, 0, 255, 39, 2, 4000, 0, 0
"BELLS OF TIME ", 0, 1, 0, 37, 10, 50, 1000, 0, 0
"MAGIC OIL     ", 0, 1, 0, 255, 88, 1, 3000, 0, 0
"MAGIC VEST    ", 0, 88, 20, 255, 78, 10, 6000, 0, 0
"DESTROYER WAND", 53, 88, 10, 255, 85, 10, 7000, 0, 0
"ELEMENT SCARAB", 0, 25, 5, 255, 44, 20, 6000, 0, 0
"SUN SCROLL    ", 0, 1, 0, 255, 46, 1, 3000, 0, 0
"STAR RUBY     ", 0, 33, 10, 255, 49, 30, 6000, 0, 0
"STAR SAPPHIRE ", 0, 88, 30, 255, 87, 10, 6000, 0, 0
"WEALTH CHEST  ", 0, 1, 0, 58, 20, 5, 6000, 0, 0
"GEM SACK      ", 0, 1, 0, 49, 10, 10, 10000, 0, 0
"DIAMOND COLLAR", 0, 37, 80, 255, 93, 10, 10000, 0, 0
"FIRE OPAL     ", 0, 37, 80, 255, 91, 10, 10000, 0, 0
"UNOBTAINIUM   ", 255, 16, 5, 0, 0, 0, 50000, 0, 0
"VELLUM SCROLL ", 0, 1, 0, 0, 0, 0, 10, 0, 0
"RUBY WHISTLE  ", 0, 33, 2, 255, 0, 200, 500, 0, 0
"KINGS PASS    ", 0, 1, 0, 0, 0, 0, 0, 0, 0
"MERCHANTS PASS", 0, 1, 0, 0, 0, 0, 0, 0, 0
"CRYSTAL KEY   ", 0, 1, 0, 255, 93, 10, 1000, 0, 0
"CORAL KEY     ", 0, 1, 0, 255, 23, 10, 300, 0, 0
"BRONZE KEY    ", 0, 1, 0, 255, 48, 20, 500, 0, 0
"SILVER KEY    ", 0, 1, 0, 255, 51, 30, 600, 0, 0
"GOLD KEY      ", 0, 1, 0, 255, 65, 15, 800, 0, 0
"DIAMOND KEY   ", 0, 1, 0, 255, 83, 20, 2000, 0, 0
"CACTUS NECTAR ", 0, 1, 0, 255, 16, 10, 400, 0, 0
"MAP OF DESERT ", 0, 1, 0, 255, 53, 20, 400, 0, 0
"LASER BLASTER ", 0, 31, 5, 255, 85, 10, 2000, 0, 0
"DRAGONS TOOTH ", 0, 1, 0, 255, 39, 10, 1500, 0, 0
"WYVERN EYE    ", 0, 1, 0, 255, 62, 20, 1000, 0, 0
"MEDUSA HEAD   ", 0, 255, 0, 0, 0, 0, 0, 0, 0
"RING OF OKRIM ", 0, 33, 10, 255, 78, 20, 3000, 0, 0
"B QUEEN IDOL  ", 0, 1, 0, 0, 0, 0, 0, 0, 0
"W QUEEN IDOL  ", 0, 1, 0, 0, 0, 0, 0, 0, 0
"PIRATES MAP A ", 0, 1, 0, 0, 0, 0, 1000, 0, 0
"PIRATES MAP B ", 0, 1, 0, 0, 0, 0, 2000, 0, 0
"THUNDRANIUM   ", 0, 1, 0, 24, 15, 250, 10000, 0, 0
"KEY CARD      ", 0, 1, 0, 0, 0, 0, 0, 0, 0
"EYE OF GOROS  ", 0, 1, 0, 255, 89, 20, 10000, 0, 0
"(USELESS ITEM)", 0, 1, 0, 0, 0, 0, 0, 0, 0
